{
  "height": 29,
  "width": 87,
  "x": 1196.171875,
  "y": 1201.890625
}