{
  "height": 29,
  "width": 87,
  "x": 1489.828125,
  "y": 1168.90625
}