{
  "height": 29,
  "width": 87,
  "x": 608.84375,
  "y": 1868.015625
}